[[0, [3.0], [254, 253], [(105, 155), (105, 154)], [1.0, 1.0, 1.2, (0, 1)], [array([0.25703654, 0.07608659, 0.39206868, 0.2549773 ], dtype=float32)], [247]], [1, [3.0], [254, 253], [(457, 163), (457, 163)], [0.0, 0.0, 1.1, (0, 0)], [array([0.26202768, 0.6221218 , 0.4198727 , 0.8070179 ], dtype=float32)], [243]], [2, [3.0], [60, 59], [(31, 222), (35, 222)], [4.0, 5.0990195135927845, 8.9, (-4, 0)], [array([3.79103869e-01, 1.20058656e-04, 5.47600150e-01, 9.88111049e-02],
      dtype=float32)], [59]], [3, [3.0], [254, 253], [(212, 157), (212, 157)], [0.0, 1.0, 1.5, (0, 0)], [array([0.26074746, 0.26372847, 0.39452785, 0.4006454 ], dtype=float32)], [244]], [4, [3.0], [111, 110], [(18, 197), (21, 193)], [5.0, 5.0, 7.0, (-3, 4)], [array([0.29754913, 0.00057198, 0.5237572 , 0.05664887], dtype=float32)], [91]], [5, [8.0], [53, 53], [(468, 203), (468, 203)], [0, 0, 0, 0], [array([0.27934343, 0.56325763, 0.5675475 , 0.899612  ], dtype=float32)], [0]], [6, [8.0], [78, 77], [(222, 206), (231, 203)], [9.486832980505138, 10.770329614269007, 10.1, (-9, 3)], [array([0.30597192, 0.21426712, 0.5538211 , 0.48025358], dtype=float32)], [3]], [7, [8.0], [107, 106], [(34, 196), (38, 196)], [4.0, 0, 4.0, (-4, 0)], [array([2.9088891e-01, 4.7465414e-04, 5.2792120e-01, 1.0646189e-01],
      dtype=float32)], [1]], [8, [3.0], [233, 232], [(607, 272), (601, 273)], [6.082762530298219, 6.082762530298219, 11.2, (6, -1)], [array([0.480239 , 0.8995714, 0.6533177, 0.9981947], dtype=float32)], [53]]]
[[0, [3.0], [254, 253], [(105, 155), (105, 154)], [1.0, 1.0, 1.2, (0, 1)], [array([0.25703654, 0.07608659, 0.39206868, 0.2549773 ], dtype=float32)], [247]], [1, [3.0], [254, 253], [(457, 163), (457, 163)], [0.0, 0.0, 1.1, (0, 0)], [array([0.26202768, 0.6221218 , 0.4198727 , 0.8070179 ], dtype=float32)], [243]], [2, [3.0], [60, 59], [(31, 222), (35, 222)], [4.0, 5.0990195135927845, 8.9, (-4, 0)], [array([3.79103869e-01, 1.20058656e-04, 5.47600150e-01, 9.88111049e-02],
      dtype=float32)], [59]], [3, [3.0], [254, 253], [(212, 157), (212, 157)], [0.0, 1.0, 1.5, (0, 0)], [array([0.26074746, 0.26372847, 0.39452785, 0.4006454 ], dtype=float32)], [244]], [4, [3.0], [111, 110], [(18, 197), (21, 193)], [5.0, 5.0, 7.0, (-3, 4)], [array([0.29754913, 0.00057198, 0.5237572 , 0.05664887], dtype=float32)], [91]], [5, [8.0], [53, 53], [(468, 203), (468, 203)], [0, 0, 0, 0], [array([0.27934343, 0.56325763, 0.5675475 , 0.899612  ], dtype=float32)], [0]], [6, [8.0], [78, 77], [(222, 206), (231, 203)], [9.486832980505138, 10.770329614269007, 10.1, (-9, 3)], [array([0.30597192, 0.21426712, 0.5538211 , 0.48025358], dtype=float32)], [3]], [7, [8.0], [107, 106], [(34, 196), (38, 196)], [4.0, 0, 4.0, (-4, 0)], [array([2.9088891e-01, 4.7465414e-04, 5.2792120e-01, 1.0646189e-01],
      dtype=float32)], [1]], [8, [3.0], [233, 232], [(607, 272), (601, 273)], [6.082762530298219, 6.082762530298219, 11.2, (6, -1)], [array([0.480239 , 0.8995714, 0.6533177, 0.9981947], dtype=float32)], [53]]]
[[0, [3.0], [254, 253], [(105, 155), (105, 154)], [1.0, 1.0, 1.2, (0, 1)], [array([0.25703654, 0.07608659, 0.39206868, 0.2549773 ], dtype=float32)], [247]], [1, [3.0], [254, 253], [(457, 163), (457, 163)], [0.0, 0.0, 1.1, (0, 0)], [array([0.26202768, 0.6221218 , 0.4198727 , 0.8070179 ], dtype=float32)], [243]], [2, [3.0], [60, 59], [(31, 222), (35, 222)], [4.0, 5.0990195135927845, 8.9, (-4, 0)], [array([3.79103869e-01, 1.20058656e-04, 5.47600150e-01, 9.88111049e-02],
      dtype=float32)], [59]], [3, [3.0], [254, 253], [(212, 157), (212, 157)], [0.0, 1.0, 1.5, (0, 0)], [array([0.26074746, 0.26372847, 0.39452785, 0.4006454 ], dtype=float32)], [244]], [4, [3.0], [111, 110], [(18, 197), (21, 193)], [5.0, 5.0, 7.0, (-3, 4)], [array([0.29754913, 0.00057198, 0.5237572 , 0.05664887], dtype=float32)], [91]], [5, [8.0], [53, 53], [(468, 203), (468, 203)], [0, 0, 0, 0], [array([0.27934343, 0.56325763, 0.5675475 , 0.899612  ], dtype=float32)], [0]], [6, [8.0], [78, 77], [(222, 206), (231, 203)], [9.486832980505138, 10.770329614269007, 10.1, (-9, 3)], [array([0.30597192, 0.21426712, 0.5538211 , 0.48025358], dtype=float32)], [3]], [7, [8.0], [107, 106], [(34, 196), (38, 196)], [4.0, 0, 4.0, (-4, 0)], [array([2.9088891e-01, 4.7465414e-04, 5.2792120e-01, 1.0646189e-01],
      dtype=float32)], [1]], [8, [3.0], [233, 232], [(607, 272), (601, 273)], [6.082762530298219, 6.082762530298219, 11.2, (6, -1)], [array([0.480239 , 0.8995714, 0.6533177, 0.9981947], dtype=float32)], [53]]]
[[0, [3.0], [254, 253], [(105, 155), (105, 154)], [1.0, 1.0, 1.2, (0, 1)], [array([0.25703654, 0.07608659, 0.39206868, 0.2549773 ], dtype=float32)], [247]], [1, [3.0], [254, 253], [(457, 163), (457, 163)], [0.0, 0.0, 1.1, (0, 0)], [array([0.26202768, 0.6221218 , 0.4198727 , 0.8070179 ], dtype=float32)], [243]], [2, [3.0], [60, 59], [(31, 222), (35, 222)], [4.0, 5.0990195135927845, 8.9, (-4, 0)], [array([3.79103869e-01, 1.20058656e-04, 5.47600150e-01, 9.88111049e-02],
      dtype=float32)], [59]], [3, [3.0], [254, 253], [(212, 157), (212, 157)], [0.0, 1.0, 1.5, (0, 0)], [array([0.26074746, 0.26372847, 0.39452785, 0.4006454 ], dtype=float32)], [244]], [4, [3.0], [111, 110], [(18, 197), (21, 193)], [5.0, 5.0, 7.0, (-3, 4)], [array([0.29754913, 0.00057198, 0.5237572 , 0.05664887], dtype=float32)], [91]], [5, [8.0], [53, 53], [(468, 203), (468, 203)], [0, 0, 0, 0], [array([0.27934343, 0.56325763, 0.5675475 , 0.899612  ], dtype=float32)], [0]], [6, [8.0], [78, 77], [(222, 206), (231, 203)], [9.486832980505138, 10.770329614269007, 10.1, (-9, 3)], [array([0.30597192, 0.21426712, 0.5538211 , 0.48025358], dtype=float32)], [3]], [7, [8.0], [107, 106], [(34, 196), (38, 196)], [4.0, 0, 4.0, (-4, 0)], [array([2.9088891e-01, 4.7465414e-04, 5.2792120e-01, 1.0646189e-01],
      dtype=float32)], [1]], [8, [3.0], [233, 232], [(607, 272), (601, 273)], [6.082762530298219, 6.082762530298219, 11.2, (6, -1)], [array([0.480239 , 0.8995714, 0.6533177, 0.9981947], dtype=float32)], [53]]]
[[0, [3.0], [254, 253], [(105, 155), (105, 154)], [1.0, 1.0, 1.2, (0, 1)], [array([0.25703654, 0.07608659, 0.39206868, 0.2549773 ], dtype=float32)], [247]], [1, [3.0], [254, 253], [(457, 163), (457, 163)], [0.0, 0.0, 1.1, (0, 0)], [array([0.26202768, 0.6221218 , 0.4198727 , 0.8070179 ], dtype=float32)], [243]], [2, [3.0], [60, 59], [(31, 222), (35, 222)], [4.0, 5.0990195135927845, 8.9, (-4, 0)], [array([3.79103869e-01, 1.20058656e-04, 5.47600150e-01, 9.88111049e-02],
      dtype=float32)], [59]], [3, [3.0], [254, 253], [(212, 157), (212, 157)], [0.0, 1.0, 1.5, (0, 0)], [array([0.26074746, 0.26372847, 0.39452785, 0.4006454 ], dtype=float32)], [244]], [4, [3.0], [111, 110], [(18, 197), (21, 193)], [5.0, 5.0, 7.0, (-3, 4)], [array([0.29754913, 0.00057198, 0.5237572 , 0.05664887], dtype=float32)], [91]], [5, [8.0], [53, 53], [(468, 203), (468, 203)], [0, 0, 0, 0], [array([0.27934343, 0.56325763, 0.5675475 , 0.899612  ], dtype=float32)], [0]], [6, [8.0], [78, 77], [(222, 206), (231, 203)], [9.486832980505138, 10.770329614269007, 10.1, (-9, 3)], [array([0.30597192, 0.21426712, 0.5538211 , 0.48025358], dtype=float32)], [3]], [7, [8.0], [107, 106], [(34, 196), (38, 196)], [4.0, 0, 4.0, (-4, 0)], [array([2.9088891e-01, 4.7465414e-04, 5.2792120e-01, 1.0646189e-01],
      dtype=float32)], [1]], [8, [3.0], [233, 232], [(607, 272), (601, 273)], [6.082762530298219, 6.082762530298219, 11.2, (6, -1)], [array([0.480239 , 0.8995714, 0.6533177, 0.9981947], dtype=float32)], [53]]]
[[0, [3.0], [254, 253], [(105, 155), (105, 154)], [1.0, 1.0, 1.2, (0, 1)], [array([0.25703654, 0.07608659, 0.39206868, 0.2549773 ], dtype=float32)], [247]], [1, [3.0], [254, 253], [(457, 163), (457, 163)], [0.0, 0.0, 1.1, (0, 0)], [array([0.26202768, 0.6221218 , 0.4198727 , 0.8070179 ], dtype=float32)], [243]], [2, [3.0], [60, 59], [(31, 222), (35, 222)], [4.0, 5.0990195135927845, 8.9, (-4, 0)], [array([3.79103869e-01, 1.20058656e-04, 5.47600150e-01, 9.88111049e-02],
      dtype=float32)], [59]], [3, [3.0], [254, 253], [(212, 157), (212, 157)], [0.0, 1.0, 1.5, (0, 0)], [array([0.26074746, 0.26372847, 0.39452785, 0.4006454 ], dtype=float32)], [244]], [4, [3.0], [111, 110], [(18, 197), (21, 193)], [5.0, 5.0, 7.0, (-3, 4)], [array([0.29754913, 0.00057198, 0.5237572 , 0.05664887], dtype=float32)], [91]], [5, [8.0], [53, 53], [(468, 203), (468, 203)], [0, 0, 0, 0], [array([0.27934343, 0.56325763, 0.5675475 , 0.899612  ], dtype=float32)], [0]], [6, [8.0], [78, 77], [(222, 206), (231, 203)], [9.486832980505138, 10.770329614269007, 10.1, (-9, 3)], [array([0.30597192, 0.21426712, 0.5538211 , 0.48025358], dtype=float32)], [3]], [7, [8.0], [107, 106], [(34, 196), (38, 196)], [4.0, 0, 4.0, (-4, 0)], [array([2.9088891e-01, 4.7465414e-04, 5.2792120e-01, 1.0646189e-01],
      dtype=float32)], [1]], [8, [3.0], [233, 232], [(607, 272), (601, 273)], [6.082762530298219, 6.082762530298219, 11.2, (6, -1)], [array([0.480239 , 0.8995714, 0.6533177, 0.9981947], dtype=float32)], [53]]]
[[0, [3.0], [254, 253], [(105, 155), (105, 154)], [1.0, 1.0, 1.2, (0, 1)], [array([0.25703654, 0.07608659, 0.39206868, 0.2549773 ], dtype=float32)], [247]], [1, [3.0], [254, 253], [(457, 163), (457, 163)], [0.0, 0.0, 1.1, (0, 0)], [array([0.26202768, 0.6221218 , 0.4198727 , 0.8070179 ], dtype=float32)], [243]], [2, [3.0], [60, 59], [(31, 222), (35, 222)], [4.0, 5.0990195135927845, 8.9, (-4, 0)], [array([3.79103869e-01, 1.20058656e-04, 5.47600150e-01, 9.88111049e-02],
      dtype=float32)], [59]], [3, [3.0], [254, 253], [(212, 157), (212, 157)], [0.0, 1.0, 1.5, (0, 0)], [array([0.26074746, 0.26372847, 0.39452785, 0.4006454 ], dtype=float32)], [244]], [4, [3.0], [111, 110], [(18, 197), (21, 193)], [5.0, 5.0, 7.0, (-3, 4)], [array([0.29754913, 0.00057198, 0.5237572 , 0.05664887], dtype=float32)], [91]], [5, [8.0], [53, 53], [(468, 203), (468, 203)], [0, 0, 0, 0], [array([0.27934343, 0.56325763, 0.5675475 , 0.899612  ], dtype=float32)], [0]], [6, [8.0], [78, 77], [(222, 206), (231, 203)], [9.486832980505138, 10.770329614269007, 10.1, (-9, 3)], [array([0.30597192, 0.21426712, 0.5538211 , 0.48025358], dtype=float32)], [3]], [7, [8.0], [107, 106], [(34, 196), (38, 196)], [4.0, 0, 4.0, (-4, 0)], [array([2.9088891e-01, 4.7465414e-04, 5.2792120e-01, 1.0646189e-01],
      dtype=float32)], [1]], [8, [3.0], [233, 232], [(607, 272), (601, 273)], [6.082762530298219, 6.082762530298219, 11.2, (6, -1)], [array([0.480239 , 0.8995714, 0.6533177, 0.9981947], dtype=float32)], [53]]]
[[0, [3.0], [254, 253], [(105, 155), (105, 154)], [1.0, 1.0, 1.2, (0, 1)], [array([0.25703654, 0.07608659, 0.39206868, 0.2549773 ], dtype=float32)], [247]], [1, [3.0], [254, 253], [(457, 163), (457, 163)], [0.0, 0.0, 1.1, (0, 0)], [array([0.26202768, 0.6221218 , 0.4198727 , 0.8070179 ], dtype=float32)], [243]], [2, [3.0], [60, 59], [(31, 222), (35, 222)], [4.0, 5.0990195135927845, 8.9, (-4, 0)], [array([3.79103869e-01, 1.20058656e-04, 5.47600150e-01, 9.88111049e-02],
      dtype=float32)], [59]], [3, [3.0], [254, 253], [(212, 157), (212, 157)], [0.0, 1.0, 1.5, (0, 0)], [array([0.26074746, 0.26372847, 0.39452785, 0.4006454 ], dtype=float32)], [244]], [4, [3.0], [111, 110], [(18, 197), (21, 193)], [5.0, 5.0, 7.0, (-3, 4)], [array([0.29754913, 0.00057198, 0.5237572 , 0.05664887], dtype=float32)], [91]], [5, [8.0], [53, 53], [(468, 203), (468, 203)], [0, 0, 0, 0], [array([0.27934343, 0.56325763, 0.5675475 , 0.899612  ], dtype=float32)], [0]], [6, [8.0], [78, 77], [(222, 206), (231, 203)], [9.486832980505138, 10.770329614269007, 10.1, (-9, 3)], [array([0.30597192, 0.21426712, 0.5538211 , 0.48025358], dtype=float32)], [3]], [7, [8.0], [107, 106], [(34, 196), (38, 196)], [4.0, 0, 4.0, (-4, 0)], [array([2.9088891e-01, 4.7465414e-04, 5.2792120e-01, 1.0646189e-01],
      dtype=float32)], [1]], [8, [3.0], [233, 232], [(607, 272), (601, 273)], [6.082762530298219, 6.082762530298219, 11.2, (6, -1)], [array([0.480239 , 0.8995714, 0.6533177, 0.9981947], dtype=float32)], [53]]]
[[0, [3.0], [254, 253], [(105, 155), (105, 154)], [1.0, 1.0, 1.2, (0, 1)], [array([0.25703654, 0.07608659, 0.39206868, 0.2549773 ], dtype=float32)], [247]], [1, [3.0], [254, 253], [(457, 163), (457, 163)], [0.0, 0.0, 1.1, (0, 0)], [array([0.26202768, 0.6221218 , 0.4198727 , 0.8070179 ], dtype=float32)], [243]], [2, [3.0], [60, 59], [(31, 222), (35, 222)], [4.0, 5.0990195135927845, 8.9, (-4, 0)], [array([3.79103869e-01, 1.20058656e-04, 5.47600150e-01, 9.88111049e-02],
      dtype=float32)], [59]], [3, [3.0], [254, 253], [(212, 157), (212, 157)], [0.0, 1.0, 1.5, (0, 0)], [array([0.26074746, 0.26372847, 0.39452785, 0.4006454 ], dtype=float32)], [244]], [4, [3.0], [111, 110], [(18, 197), (21, 193)], [5.0, 5.0, 7.0, (-3, 4)], [array([0.29754913, 0.00057198, 0.5237572 , 0.05664887], dtype=float32)], [91]], [5, [8.0], [53, 53], [(468, 203), (468, 203)], [0, 0, 0, 0], [array([0.27934343, 0.56325763, 0.5675475 , 0.899612  ], dtype=float32)], [0]], [6, [8.0], [78, 77], [(222, 206), (231, 203)], [9.486832980505138, 10.770329614269007, 10.1, (-9, 3)], [array([0.30597192, 0.21426712, 0.5538211 , 0.48025358], dtype=float32)], [3]], [7, [8.0], [107, 106], [(34, 196), (38, 196)], [4.0, 0, 4.0, (-4, 0)], [array([2.9088891e-01, 4.7465414e-04, 5.2792120e-01, 1.0646189e-01],
      dtype=float32)], [1]], [8, [3.0], [233, 232], [(607, 272), (601, 273)], [6.082762530298219, 6.082762530298219, 11.2, (6, -1)], [array([0.480239 , 0.8995714, 0.6533177, 0.9981947], dtype=float32)], [53]]]

car 0 has an average speed of 1.2 calculated on 247frames 
car 1 has an average speed of 1.1 calculated on 243frames 
car 2 has an average speed of 8.9 calculated on 59frames 
car 3 has an average speed of 1.5 calculated on 244frames 
car 4 has an average speed of 7.0 calculated on 91frames 
truck 5 has an average speed of 0 calculated on 0frames 
truck 6 has an average speed of 10.1 calculated on 3frames 
truck 7 has an average speed of 4.0 calculated on 1frames 
car 8 has an average speed of 11.2 calculated on 53frames 
