[[0, [3.0], [144, 143], [(309, 162), (307, 162)], [2.0, 1.0, 0.8, (2, 0)], [array([0.29193273, 0.37982118, 0.38446787, 0.58590645], dtype=float32)], [139]], [1, [3.0], [144, 143], [(48, 211), (48, 211)], [0.0, 0.0, 0.7, (0, 0)], [array([0.36954015, 0.        , 0.5120901 , 0.1503602 ], dtype=float32)], [143]], [2, [3.0], [144, 143], [(175, 184), (175, 184)], [0.0, 1.0, 2.0, (0, 0)], [array([0.32747474, 0.13522822, 0.44293514, 0.41410142], dtype=float32)], [143]], [3, [3.0], [128, 126], [(451, 133), (452, 133)], [0.5, 7.0, 0.9, (-1, 0)], [array([0.24457012, 0.6284786 , 0.31317285, 0.7809153 ], dtype=float32)], [107]], [4, [3.0], [106, 102], [(557, 175), (535, 184)], [5.942432162002357, 2.23606797749979, 12.3, (22, -9)], [array([0.32201263, 0.77981627, 0.40753213, 0.9609196 ], dtype=float32)], [22]]]
[[0, [3.0], [144, 143], [(309, 162), (307, 162)], [2.0, 1.0, 0.8, (2, 0)], [array([0.29193273, 0.37982118, 0.38446787, 0.58590645], dtype=float32)], [139]], [1, [3.0], [144, 143], [(48, 211), (48, 211)], [0.0, 0.0, 0.7, (0, 0)], [array([0.36954015, 0.        , 0.5120901 , 0.1503602 ], dtype=float32)], [143]], [2, [3.0], [144, 143], [(175, 184), (175, 184)], [0.0, 1.0, 2.0, (0, 0)], [array([0.32747474, 0.13522822, 0.44293514, 0.41410142], dtype=float32)], [143]], [3, [3.0], [128, 126], [(451, 133), (452, 133)], [0.5, 7.0, 0.9, (-1, 0)], [array([0.24457012, 0.6284786 , 0.31317285, 0.7809153 ], dtype=float32)], [107]], [4, [3.0], [106, 102], [(557, 175), (535, 184)], [5.942432162002357, 2.23606797749979, 12.3, (22, -9)], [array([0.32201263, 0.77981627, 0.40753213, 0.9609196 ], dtype=float32)], [22]]]
[[0, [3.0], [144, 143], [(309, 162), (307, 162)], [2.0, 1.0, 0.8, (2, 0)], [array([0.29193273, 0.37982118, 0.38446787, 0.58590645], dtype=float32)], [139]], [1, [3.0], [144, 143], [(48, 211), (48, 211)], [0.0, 0.0, 0.7, (0, 0)], [array([0.36954015, 0.        , 0.5120901 , 0.1503602 ], dtype=float32)], [143]], [2, [3.0], [144, 143], [(175, 184), (175, 184)], [0.0, 1.0, 2.0, (0, 0)], [array([0.32747474, 0.13522822, 0.44293514, 0.41410142], dtype=float32)], [143]], [3, [3.0], [128, 126], [(451, 133), (452, 133)], [0.5, 7.0, 0.9, (-1, 0)], [array([0.24457012, 0.6284786 , 0.31317285, 0.7809153 ], dtype=float32)], [107]], [4, [3.0], [106, 102], [(557, 175), (535, 184)], [5.942432162002357, 2.23606797749979, 12.3, (22, -9)], [array([0.32201263, 0.77981627, 0.40753213, 0.9609196 ], dtype=float32)], [22]]]
[[0, [3.0], [144, 143], [(309, 162), (307, 162)], [2.0, 1.0, 0.8, (2, 0)], [array([0.29193273, 0.37982118, 0.38446787, 0.58590645], dtype=float32)], [139]], [1, [3.0], [144, 143], [(48, 211), (48, 211)], [0.0, 0.0, 0.7, (0, 0)], [array([0.36954015, 0.        , 0.5120901 , 0.1503602 ], dtype=float32)], [143]], [2, [3.0], [144, 143], [(175, 184), (175, 184)], [0.0, 1.0, 2.0, (0, 0)], [array([0.32747474, 0.13522822, 0.44293514, 0.41410142], dtype=float32)], [143]], [3, [3.0], [128, 126], [(451, 133), (452, 133)], [0.5, 7.0, 0.9, (-1, 0)], [array([0.24457012, 0.6284786 , 0.31317285, 0.7809153 ], dtype=float32)], [107]], [4, [3.0], [106, 102], [(557, 175), (535, 184)], [5.942432162002357, 2.23606797749979, 12.3, (22, -9)], [array([0.32201263, 0.77981627, 0.40753213, 0.9609196 ], dtype=float32)], [22]]]
[[0, [3.0], [144, 143], [(309, 162), (307, 162)], [2.0, 1.0, 0.8, (2, 0)], [array([0.29193273, 0.37982118, 0.38446787, 0.58590645], dtype=float32)], [139]], [1, [3.0], [144, 143], [(48, 211), (48, 211)], [0.0, 0.0, 0.7, (0, 0)], [array([0.36954015, 0.        , 0.5120901 , 0.1503602 ], dtype=float32)], [143]], [2, [3.0], [144, 143], [(175, 184), (175, 184)], [0.0, 1.0, 2.0, (0, 0)], [array([0.32747474, 0.13522822, 0.44293514, 0.41410142], dtype=float32)], [143]], [3, [3.0], [128, 126], [(451, 133), (452, 133)], [0.5, 7.0, 0.9, (-1, 0)], [array([0.24457012, 0.6284786 , 0.31317285, 0.7809153 ], dtype=float32)], [107]], [4, [3.0], [106, 102], [(557, 175), (535, 184)], [5.942432162002357, 2.23606797749979, 12.3, (22, -9)], [array([0.32201263, 0.77981627, 0.40753213, 0.9609196 ], dtype=float32)], [22]]]

car 0 has an average speed of 0.8 calculated on 139frames 
car 1 has an average speed of 0.7 calculated on 143frames 
car 2 has an average speed of 2.0 calculated on 143frames 
car 3 has an average speed of 0.9 calculated on 107frames 
car 4 has an average speed of 12.3 calculated on 22frames 
